4 0.414604 0.407178 0.111386 0.081683
0 0.414604 0.407178 0.111386 0.081683
2 0.414604 0.407178 0.111386 0.081683
4 0.404703 0.419554 0.091584 0.091584
1 0.404703 0.419554 0.091584 0.091584
4 0.923267 0.686881 0.079208 0.076733
1 0.923267 0.686881 0.079208 0.076733
4 0.902228 0.706683 0.081683 0.086634
1 0.902228 0.706683 0.081683 0.086634
4 0.569307 0.483911 0.084158 0.091584
0 0.569307 0.483911 0.084158 0.091584
4 0.844059 0.777228 0.094059 0.094059
0 0.844059 0.777228 0.094059 0.094059
4 0.216584 0.669554 0.091584 0.091584
0 0.216584 0.669554 0.091584 0.091584
4 0.125000 0.542079 0.091584 0.099010
0 0.125000 0.542079 0.091584 0.099010
0 0.481471 0.515588 0.055882 0.047647
2 0.481471 0.515588 0.055882 0.047647