4 0.589109 0.452970 0.133663 0.094059
0 0.589109 0.452970 0.133663 0.094059
2 0.589109 0.452970 0.133663 0.094059
4 0.273515 0.487624 0.101485 0.094059
0 0.273515 0.487624 0.101485 0.094059
3 0.273515 0.487624 0.101485 0.094059
4 0.575495 0.469059 0.086634 0.086634
0 0.575495 0.469059 0.086634 0.086634
4 0.103960 0.580446 0.094059 0.086634
0 0.103960 0.580446 0.094059 0.086634
4 0.816832 0.804455 0.089109 0.094059
0 0.816832 0.804455 0.089109 0.094059
4 0.904703 0.675743 0.081683 0.079208
1 0.904703 0.675743 0.081683 0.079208
4 0.887376 0.690594 0.086634 0.089109
1 0.887376 0.690594 0.086634 0.089109
0 0.261176 0.128529 0.083529 0.091176
2 0.261176 0.128529 0.083529 0.091176