4 0.259901 0.487624 0.094059 0.089109
0 0.259901 0.487624 0.094059 0.089109
4 0.570545 0.460396 0.101485 0.089109
0 0.570545 0.460396 0.101485 0.089109
4 0.871287 0.702970 0.099010 0.059406
0 0.871287 0.702970 0.099010 0.059406
4 0.853960 0.785891 0.108911 0.081683
0 0.853960 0.785891 0.108911 0.081683
4 0.889851 0.726485 0.086634 0.096535
1 0.889851 0.726485 0.086634 0.096535
4 0.623762 0.394802 0.094059 0.091584
1 0.623762 0.394802 0.094059 0.091584
4 0.118812 0.517327 0.108911 0.103960
0 0.118812 0.517327 0.108911 0.103960
2 0.118812 0.517327 0.108911 0.103960
0 0.565000 0.413235 0.064118 0.052353
2 0.565000 0.413235 0.064118 0.052353