4 0.794554 0.246287 0.084158 0.091584
1 0.794554 0.246287 0.084158 0.091584
4 0.778465 0.293317 0.091584 0.071782
1 0.778465 0.293317 0.091584 0.071782
4 0.726485 0.219059 0.081683 0.091584
1 0.726485 0.219059 0.081683 0.091584
4 0.689356 0.236386 0.076733 0.086634
1 0.689356 0.236386 0.076733 0.086634
4 0.740099 0.301980 0.064356 0.074257
0 0.740099 0.301980 0.064356 0.074257
4 0.702970 0.292079 0.079208 0.069307
0 0.702970 0.292079 0.079208 0.069307
4 0.711634 0.341584 0.091584 0.089109
0 0.711634 0.341584 0.091584 0.089109
4 0.535891 0.226485 0.121287 0.126238
0 0.535891 0.226485 0.121287 0.126238
3 0.535891 0.226485 0.121287 0.126238