4 0.910891 0.695545 0.089109 0.099010
0 0.910891 0.695545 0.089109 0.099010
4 0.254950 0.450495 0.084158 0.099010
0 0.254950 0.450495 0.084158 0.099010
4 0.185644 0.449257 0.099010 0.101485
0 0.185644 0.449257 0.099010 0.101485
4 0.519802 0.491337 0.123762 0.111386
0 0.519802 0.491337 0.123762 0.111386
3 0.519802 0.491337 0.123762 0.111386
4 0.891089 0.772277 0.118812 0.123762
0 0.891089 0.772277 0.118812 0.123762
2 0.891089 0.772277 0.118812 0.123762
0 0.234706 0.150882 0.098824 0.094706
2 0.234706 0.150882 0.098824 0.094706