4 0.934406 0.816832 0.042079 0.059406
0 0.934406 0.816832 0.042079 0.059406
4 0.922030 0.871287 0.091584 0.064356
0 0.922030 0.871287 0.091584 0.064356
4 0.525990 0.577970 0.081683 0.081683
0 0.525990 0.577970 0.081683 0.081683
4 0.461634 0.196782 0.101485 0.116337
1 0.461634 0.196782 0.101485 0.116337
3 0.461634 0.196782 0.101485 0.116337
4 0.295792 0.247525 0.081683 0.094059
0 0.295792 0.247525 0.081683 0.094059
4 0.576733 0.534653 0.079208 0.094059
1 0.576733 0.534653 0.079208 0.094059
4 0.867574 0.756188 0.076733 0.081683
1 0.867574 0.756188 0.076733 0.081683
4 0.903465 0.769802 0.064356 0.094059
1 0.903465 0.769802 0.064356 0.094059
4 0.898515 0.830446 0.069307 0.076733
1 0.898515 0.830446 0.069307 0.076733