4 0.602723 0.566832 0.091584 0.099010
1 0.602723 0.566832 0.091584 0.099010
3 0.602723 0.566832 0.091584 0.099010
4 0.332921 0.220297 0.071782 0.084158
0 0.332921 0.220297 0.071782 0.084158
4 0.767327 0.893564 0.079208 0.069307
0 0.767327 0.893564 0.079208 0.069307
4 0.396040 0.217822 0.074257 0.079208
1 0.396040 0.217822 0.074257 0.079208
4 0.688119 0.454208 0.079208 0.081683
1 0.688119 0.454208 0.079208 0.081683
4 0.922030 0.434406 0.081683 0.091584
1 0.922030 0.434406 0.081683 0.091584
4 0.717822 0.652228 0.079208 0.081683
1 0.717822 0.652228 0.079208 0.081683