4 0.332921 0.232673 0.081683 0.084158
0 0.332921 0.232673 0.081683 0.084158
4 0.939356 0.193069 0.106436 0.108911
1 0.939356 0.193069 0.106436 0.108911
2 0.939356 0.193069 0.106436 0.108911
4 0.673267 0.500000 0.074257 0.108911
1 0.673267 0.500000 0.074257 0.108911
2 0.673267 0.500000 0.074257 0.108911
4 0.920792 0.738861 0.108911 0.096535
1 0.920792 0.738861 0.108911 0.096535
3 0.920792 0.738861 0.108911 0.096535
4 0.930693 0.693069 0.084158 0.079208
1 0.930693 0.693069 0.084158 0.079208
4 0.768564 0.396040 0.081683 0.089109
1 0.768564 0.396040 0.081683 0.089109
4 0.639851 0.490099 0.086634 0.074257
0 0.639851 0.490099 0.086634 0.074257
4 0.623762 0.517327 0.084158 0.044554
0 0.623762 0.517327 0.084158 0.044554