4 0.488861 0.553218 0.096535 0.101485
1 0.488861 0.553218 0.096535 0.101485
4 0.738861 0.855198 0.141089 0.101485
1 0.738861 0.855198 0.141089 0.101485
4 0.590347 0.700495 0.106436 0.103960
0 0.590347 0.700495 0.106436 0.103960
3 0.590347 0.700495 0.106436 0.103960
4 0.701733 0.917079 0.091584 0.091584
0 0.701733 0.917079 0.091584 0.091584
4 0.205446 0.919554 0.094059 0.116337
0 0.205446 0.919554 0.094059 0.116337
4 0.382426 0.585396 0.086634 0.091584
0 0.382426 0.585396 0.086634 0.091584
4 0.152228 0.225248 0.091584 0.113861
0 0.152228 0.225248 0.091584 0.113861