4 0.126238 0.199257 0.118812 0.121287
0 0.126238 0.199257 0.118812 0.121287
3 0.126238 0.199257 0.118812 0.121287
4 0.560644 0.331683 0.096535 0.094059
0 0.560644 0.331683 0.096535 0.094059
4 0.669554 0.331683 0.096535 0.103960
0 0.669554 0.331683 0.096535 0.103960
4 0.889851 0.448020 0.096535 0.094059
0 0.889851 0.448020 0.096535 0.094059
4 0.513614 0.491337 0.106436 0.096535
1 0.513614 0.491337 0.106436 0.096535
4 0.514851 0.558168 0.103960 0.081683
1 0.514851 0.558168 0.103960 0.081683
4 0.877475 0.763614 0.096535 0.116337
1 0.877475 0.763614 0.096535 0.116337