4 0.871287 0.714109 0.099010 0.091584
1 0.871287 0.714109 0.099010 0.091584
4 0.842822 0.795792 0.091584 0.096535
0 0.842822 0.795792 0.091584 0.096535
4 0.280941 0.555693 0.106436 0.091584
0 0.280941 0.555693 0.106436 0.091584
4 0.219059 0.756188 0.101485 0.096535
0 0.219059 0.756188 0.101485 0.096535
4 0.275990 0.253713 0.096535 0.071782
0 0.275990 0.253713 0.096535 0.071782
4 0.257426 0.295792 0.103960 0.096535
0 0.257426 0.295792 0.103960 0.096535
0 0.893235 0.747941 0.074706 0.062941
2 0.893235 0.747941 0.074706 0.062941