4 0.582921 0.256188 0.091584 0.091584
1 0.582921 0.256188 0.091584 0.091584
4 0.736386 0.344059 0.096535 0.094059
1 0.736386 0.344059 0.096535 0.094059
4 0.928218 0.407178 0.099010 0.086634
1 0.928218 0.407178 0.099010 0.086634
4 0.542079 0.335396 0.094059 0.086634
1 0.542079 0.335396 0.094059 0.086634
4 0.517327 0.366337 0.103960 0.079208
0 0.517327 0.366337 0.103960 0.079208
4 0.634901 0.393564 0.096535 0.094059
0 0.634901 0.393564 0.096535 0.094059
4 0.165842 0.881188 0.094059 0.089109
0 0.165842 0.881188 0.094059 0.089109
4 0.487624 0.529703 0.113861 0.103960
0 0.487624 0.529703 0.113861 0.103960
2 0.487624 0.529703 0.113861 0.103960
0 0.656765 0.351765 0.057059 0.047059
2 0.656765 0.351765 0.057059 0.047059