4 0.353960 0.147277 0.084158 0.086634
1 0.353960 0.147277 0.084158 0.086634
4 0.517327 0.470297 0.108911 0.099010
1 0.517327 0.470297 0.108911 0.099010
4 0.422030 0.132426 0.091584 0.106436
0 0.422030 0.132426 0.091584 0.106436
4 0.679455 0.315594 0.086634 0.096535
0 0.679455 0.315594 0.086634 0.096535
4 0.778465 0.565594 0.091584 0.091584
0 0.778465 0.565594 0.091584 0.091584
4 0.909653 0.613861 0.091584 0.099010
0 0.909653 0.613861 0.091584 0.099010
4 0.850248 0.597772 0.101485 0.141089
0 0.850248 0.597772 0.101485 0.141089
3 0.850248 0.597772 0.101485 0.141089