4 0.689356 0.284653 0.091584 0.089109
1 0.689356 0.284653 0.091584 0.089109
4 0.681931 0.323020 0.106436 0.051980
1 0.681931 0.323020 0.106436 0.051980
4 0.918317 0.501238 0.099010 0.086634
1 0.918317 0.501238 0.099010 0.086634
4 0.652228 0.231436 0.106436 0.042079
0 0.652228 0.231436 0.106436 0.042079
4 0.643564 0.275990 0.099010 0.086634
0 0.643564 0.275990 0.099010 0.086634
4 0.259901 0.477723 0.108911 0.089109
0 0.259901 0.477723 0.108911 0.089109
4 0.904703 0.566832 0.116337 0.108911
0 0.904703 0.566832 0.116337 0.108911
2 0.904703 0.566832 0.116337 0.108911