4 0.728960 0.232673 0.071782 0.089109
1 0.728960 0.232673 0.071782 0.089109
4 0.757426 0.214109 0.039604 0.051980
1 0.757426 0.214109 0.039604 0.051980
4 0.805693 0.257426 0.076733 0.089109
1 0.805693 0.257426 0.076733 0.089109
4 0.741337 0.274752 0.076733 0.049505
1 0.741337 0.274752 0.076733 0.049505
4 0.716584 0.290842 0.091584 0.086634
0 0.716584 0.290842 0.091584 0.086634
4 0.706683 0.345297 0.091584 0.106436
0 0.706683 0.345297 0.091584 0.106436
3 0.706683 0.345297 0.091584 0.106436
4 0.782178 0.361386 0.094059 0.108911
0 0.782178 0.361386 0.094059 0.108911
3 0.782178 0.361386 0.094059 0.108911
4 0.113861 0.862624 0.099010 0.116337
0 0.113861 0.862624 0.099010 0.116337