4 0.876238 0.800743 0.089109 0.096535
1 0.876238 0.800743 0.089109 0.096535
4 0.852723 0.820545 0.081683 0.081683
1 0.852723 0.820545 0.081683 0.081683
4 0.294554 0.123762 0.108911 0.094059
1 0.294554 0.123762 0.108911 0.094059
4 0.237624 0.162129 0.089109 0.091584
0 0.237624 0.162129 0.089109 0.091584
4 0.560644 0.903465 0.091584 0.094059
0 0.560644 0.903465 0.091584 0.094059
4 0.478960 0.855198 0.081683 0.086634
0 0.478960 0.855198 0.081683 0.086634
4 0.403465 0.902228 0.089109 0.091584
0 0.403465 0.902228 0.089109 0.091584
1 0.524706 0.500294 0.094118 0.092353
2 0.524706 0.500294 0.094118 0.092353