4 0.204208 0.193069 0.101485 0.084158
1 0.204208 0.193069 0.101485 0.084158
4 0.172030 0.214109 0.101485 0.086634
0 0.172030 0.214109 0.101485 0.086634
4 0.423267 0.189356 0.089109 0.096535
0 0.423267 0.189356 0.089109 0.096535
4 0.936881 0.196782 0.091584 0.091584
0 0.936881 0.196782 0.091584 0.091584
4 0.504950 0.513614 0.094059 0.086634
0 0.504950 0.513614 0.094059 0.086634
4 0.457921 0.538366 0.089109 0.096535
1 0.457921 0.538366 0.089109 0.096535
4 0.821782 0.887376 0.094059 0.091584
1 0.821782 0.887376 0.094059 0.091584
4 0.780941 0.902228 0.051980 0.086634
1 0.780941 0.902228 0.051980 0.086634
4 0.929455 0.694307 0.111386 0.096535
0 0.929455 0.694307 0.111386 0.096535
3 0.929455 0.694307 0.111386 0.096535