4 0.632426 0.379950 0.076733 0.086634
0 0.632426 0.379950 0.076733 0.086634
4 0.663366 0.391089 0.054455 0.089109
0 0.663366 0.391089 0.054455 0.089109
4 0.535891 0.750000 0.096535 0.089109
0 0.535891 0.750000 0.096535 0.089109
4 0.222772 0.553218 0.094059 0.081683
0 0.222772 0.553218 0.094059 0.081683
4 0.701733 0.454208 0.111386 0.111386
0 0.701733 0.454208 0.111386 0.111386
2 0.701733 0.454208 0.111386 0.111386
4 0.872525 0.627475 0.096535 0.101485
1 0.872525 0.627475 0.096535 0.101485
0 0.901176 0.673529 0.088235 0.088235
2 0.901176 0.673529 0.088235 0.088235