4 0.439356 0.565594 0.091584 0.086634
0 0.439356 0.565594 0.091584 0.086634
4 0.652228 0.820545 0.091584 0.086634
0 0.652228 0.820545 0.091584 0.086634
4 0.351485 0.721535 0.099010 0.096535
0 0.351485 0.721535 0.099010 0.096535
4 0.210396 0.509901 0.089109 0.094059
0 0.210396 0.509901 0.089109 0.094059
4 0.076733 0.935644 0.079208 0.108911
0 0.076733 0.935644 0.079208 0.108911
4 0.722772 0.840347 0.074257 0.051980
1 0.722772 0.840347 0.074257 0.051980
4 0.721535 0.888614 0.086634 0.084158
1 0.721535 0.888614 0.086634 0.084158
4 0.774752 0.884901 0.084158 0.116337
1 0.774752 0.884901 0.084158 0.116337
3 0.774752 0.884901 0.084158 0.116337
4 0.501238 0.508663 0.101485 0.101485
1 0.501238 0.508663 0.101485 0.101485