4 0.832921 0.513614 0.066832 0.076733
1 0.832921 0.513614 0.066832 0.076733
4 0.382426 0.211634 0.071782 0.076733
1 0.382426 0.211634 0.071782 0.076733
4 0.940594 0.686881 0.079208 0.081683
1 0.940594 0.686881 0.079208 0.081683
4 0.577970 0.509901 0.086634 0.084158
1 0.577970 0.509901 0.086634 0.084158
3 0.577970 0.509901 0.086634 0.084158
4 0.928218 0.758663 0.074257 0.071782
1 0.928218 0.758663 0.074257 0.071782
4 0.327970 0.230198 0.076733 0.079208
0 0.327970 0.230198 0.076733 0.079208
4 0.896040 0.777228 0.069307 0.079208
0 0.896040 0.777228 0.069307 0.079208
4 0.929455 0.808168 0.051980 0.051980
0 0.929455 0.808168 0.051980 0.051980