4 0.917079 0.631188 0.091584 0.084158
1 0.917079 0.631188 0.091584 0.084158
4 0.902228 0.690594 0.091584 0.084158
1 0.902228 0.690594 0.091584 0.084158
4 0.772277 0.852723 0.099010 0.086634
0 0.772277 0.852723 0.099010 0.086634
4 0.590347 0.440594 0.086634 0.084158
0 0.590347 0.440594 0.086634 0.084158
4 0.585396 0.477723 0.101485 0.044554
0 0.585396 0.477723 0.101485 0.044554
4 0.108911 0.568069 0.094059 0.086634
0 0.108911 0.568069 0.094059 0.086634
4 0.275990 0.488861 0.111386 0.106436
0 0.275990 0.488861 0.111386 0.106436
3 0.275990 0.488861 0.111386 0.106436