4 0.224010 0.179455 0.086634 0.091584
0 0.224010 0.179455 0.086634 0.091584
4 0.492574 0.501238 0.099010 0.037129
0 0.492574 0.501238 0.099010 0.037129
4 0.648515 0.575495 0.094059 0.096535
0 0.648515 0.575495 0.094059 0.096535
4 0.189356 0.910891 0.101485 0.094059
0 0.189356 0.910891 0.101485 0.094059
4 0.481436 0.397277 0.131188 0.091584
0 0.481436 0.397277 0.131188 0.091584
2 0.481436 0.397277 0.131188 0.091584
4 0.595297 0.299505 0.106436 0.099010
1 0.595297 0.299505 0.106436 0.099010
4 0.275990 0.127475 0.101485 0.101485
1 0.275990 0.127475 0.101485 0.101485
4 0.496287 0.540842 0.096535 0.091584
1 0.496287 0.540842 0.096535 0.091584
4 0.766089 0.862624 0.091584 0.096535
1 0.766089 0.862624 0.091584 0.096535
0 0.704412 0.910882 0.098235 0.092353
2 0.704412 0.910882 0.098235 0.092353