4 0.466584 0.251238 0.106436 0.111386
0 0.466584 0.251238 0.106436 0.111386
3 0.466584 0.251238 0.106436 0.111386
4 0.592822 0.200495 0.081683 0.079208
1 0.592822 0.200495 0.081683 0.079208
4 0.513614 0.586634 0.071782 0.079208
1 0.513614 0.586634 0.071782 0.079208
4 0.555693 0.592822 0.086634 0.081683
1 0.555693 0.592822 0.086634 0.081683
4 0.811881 0.545792 0.079208 0.081683
1 0.811881 0.545792 0.079208 0.081683
4 0.580446 0.772277 0.081683 0.079208
1 0.580446 0.772277 0.081683 0.079208
4 0.886139 0.797030 0.084158 0.079208
0 0.886139 0.797030 0.084158 0.079208