4 0.194307 0.163366 0.111386 0.113861
1 0.194307 0.163366 0.111386 0.113861
3 0.194307 0.163366 0.111386 0.113861
4 0.853960 0.804455 0.118812 0.143564
1 0.853960 0.804455 0.118812 0.143564
4 0.483911 0.527228 0.096535 0.099010
0 0.483911 0.527228 0.096535 0.099010
4 0.691832 0.620050 0.091584 0.096535
0 0.691832 0.620050 0.091584 0.096535
4 0.790842 0.879950 0.101485 0.096535
0 0.790842 0.879950 0.101485 0.096535
4 0.092822 0.625000 0.116337 0.116337
0 0.092822 0.625000 0.116337 0.116337
2 0.092822 0.625000 0.116337 0.116337
0 0.108529 0.316765 0.065294 0.057059
2 0.108529 0.316765 0.065294 0.057059