4 0.495050 0.511139 0.089109 0.101485
1 0.495050 0.511139 0.089109 0.101485
4 0.118812 0.264851 0.108911 0.089109
1 0.118812 0.264851 0.108911 0.089109
4 0.764851 0.840347 0.113861 0.061881
1 0.764851 0.840347 0.113861 0.061881
4 0.756188 0.866337 0.096535 0.084158
1 0.756188 0.866337 0.096535 0.084158
4 0.672030 0.881188 0.086634 0.084158
0 0.672030 0.881188 0.086634 0.084158
4 0.431931 0.612624 0.101485 0.101485
0 0.431931 0.612624 0.101485 0.101485
4 0.143564 0.327970 0.099010 0.101485
0 0.143564 0.327970 0.099010 0.101485
4 0.610149 0.902228 0.111386 0.091584
0 0.610149 0.902228 0.111386 0.091584
2 0.610149 0.902228 0.111386 0.091584
4 0.717822 0.898515 0.069307 0.059406
0 0.717822 0.898515 0.069307 0.059406
2 0.717822 0.898515 0.069307 0.059406