4 0.750000 0.193069 0.084158 0.079208
1 0.750000 0.193069 0.084158 0.079208
4 0.564356 0.292079 0.084158 0.079208
1 0.564356 0.292079 0.084158 0.079208
4 0.625000 0.414604 0.076733 0.081683
1 0.625000 0.414604 0.076733 0.081683
4 0.652228 0.431931 0.061881 0.076733
1 0.652228 0.431931 0.061881 0.076733
4 0.918317 0.568069 0.089109 0.076733
1 0.918317 0.568069 0.089109 0.076733
4 0.434406 0.491337 0.111386 0.106436
0 0.434406 0.491337 0.111386 0.106436
3 0.434406 0.491337 0.111386 0.106436
4 0.533416 0.709158 0.076733 0.081683
0 0.533416 0.709158 0.076733 0.081683
4 0.701733 0.639851 0.076733 0.086634
0 0.701733 0.639851 0.076733 0.086634