4 0.521040 0.750000 0.081683 0.084158
0 0.521040 0.750000 0.081683 0.084158
4 0.650990 0.883663 0.094059 0.094059
0 0.650990 0.883663 0.094059 0.094059
4 0.308168 0.676980 0.096535 0.086634
0 0.308168 0.676980 0.096535 0.086634
4 0.157178 0.532178 0.096535 0.094059
0 0.157178 0.532178 0.096535 0.094059
4 0.329208 0.790842 0.113861 0.116337
0 0.329208 0.790842 0.113861 0.116337
2 0.329208 0.790842 0.113861 0.116337
4 0.737624 0.837871 0.084158 0.076733
1 0.737624 0.837871 0.084158 0.076733
4 0.768564 0.872525 0.091584 0.051980
1 0.768564 0.872525 0.091584 0.051980
0 0.222647 0.155294 0.084118 0.075294
2 0.222647 0.155294 0.084118 0.075294