4 0.204208 0.261139 0.126238 0.121287
0 0.204208 0.261139 0.126238 0.121287
3 0.204208 0.261139 0.126238 0.121287
4 0.923267 0.357673 0.103960 0.091584
0 0.923267 0.357673 0.103960 0.091584
4 0.897277 0.469059 0.091584 0.096535
0 0.897277 0.469059 0.091584 0.096535
4 0.768564 0.545792 0.101485 0.091584
0 0.768564 0.545792 0.101485 0.091584
4 0.570545 0.450495 0.101485 0.094059
0 0.570545 0.450495 0.101485 0.094059
4 0.787129 0.899752 0.094059 0.091584
1 0.787129 0.899752 0.094059 0.091584
4 0.113861 0.295792 0.094059 0.101485
1 0.113861 0.295792 0.094059 0.101485