4 0.064356 0.920792 0.084158 0.113861
0 0.064356 0.920792 0.084158 0.113861
2 0.064356 0.920792 0.084158 0.113861
4 0.789604 0.206683 0.089109 0.096535
1 0.789604 0.206683 0.089109 0.096535
4 0.716584 0.222772 0.086634 0.089109
1 0.716584 0.222772 0.086634 0.089109
4 0.758663 0.248762 0.091584 0.091584
1 0.758663 0.248762 0.091584 0.091584
4 0.680693 0.326733 0.123762 0.123762
0 0.680693 0.326733 0.123762 0.123762
3 0.680693 0.326733 0.123762 0.123762
4 0.346535 0.879950 0.094059 0.101485
0 0.346535 0.879950 0.094059 0.101485
4 0.142327 0.912129 0.101485 0.091584
0 0.142327 0.912129 0.101485 0.091584