4 0.256188 0.111386 0.091584 0.084158
1 0.256188 0.111386 0.091584 0.084158
4 0.756188 0.883663 0.096535 0.084158
1 0.756188 0.883663 0.096535 0.084158
4 0.642327 0.868812 0.091584 0.084158
1 0.642327 0.868812 0.091584 0.084158
4 0.673267 0.881188 0.079208 0.079208
0 0.673267 0.881188 0.079208 0.079208
4 0.219059 0.118812 0.056931 0.094059
0 0.219059 0.118812 0.056931 0.094059
4 0.542079 0.481436 0.084158 0.091584
0 0.542079 0.481436 0.084158 0.091584
4 0.486386 0.643564 0.091584 0.089109
0 0.486386 0.643564 0.091584 0.089109
4 0.675743 0.870050 0.039604 0.091584
1 0.675743 0.870050 0.039604 0.091584
4 0.524752 0.925743 0.128713 0.113861
0 0.524752 0.925743 0.128713 0.113861
3 0.524752 0.925743 0.128713 0.113861