4 0.211634 0.157178 0.091584 0.086634
0 0.211634 0.157178 0.091584 0.086634
4 0.553218 0.496287 0.091584 0.096535
0 0.553218 0.496287 0.091584 0.096535
4 0.742574 0.669554 0.099010 0.096535
0 0.742574 0.669554 0.099010 0.096535
4 0.853960 0.842822 0.099010 0.096535
0 0.853960 0.842822 0.099010 0.096535
4 0.887376 0.842822 0.091584 0.116337
0 0.887376 0.842822 0.091584 0.116337
3 0.887376 0.842822 0.091584 0.116337
4 0.803218 0.876238 0.096535 0.099010
1 0.803218 0.876238 0.096535 0.099010
4 0.500000 0.533416 0.103960 0.096535
1 0.500000 0.533416 0.103960 0.096535
4 0.193069 0.199257 0.103960 0.091584
1 0.193069 0.199257 0.103960 0.091584