4 0.686881 0.305693 0.116337 0.126238
1 0.686881 0.305693 0.116337 0.126238
3 0.686881 0.305693 0.116337 0.126238
4 0.888614 0.216584 0.079208 0.091584
1 0.888614 0.216584 0.079208 0.091584
4 0.575495 0.394802 0.076733 0.032178
1 0.575495 0.394802 0.076733 0.032178
4 0.575495 0.423267 0.076733 0.079208
1 0.575495 0.423267 0.076733 0.079208
4 0.542079 0.439356 0.074257 0.076733
0 0.542079 0.439356 0.074257 0.076733
4 0.481436 0.493812 0.042079 0.066832
0 0.481436 0.493812 0.042079 0.066832
4 0.439356 0.487624 0.071782 0.069307
0 0.439356 0.487624 0.071782 0.069307
4 0.448020 0.544554 0.079208 0.079208
1 0.448020 0.544554 0.079208 0.079208