4 0.500000 0.257426 0.094059 0.084158
0 0.500000 0.257426 0.094059 0.084158
4 0.766089 0.840347 0.091584 0.091584
0 0.766089 0.840347 0.091584 0.091584
4 0.814356 0.849010 0.044554 0.099010
0 0.814356 0.849010 0.044554 0.099010
4 0.254950 0.266089 0.103960 0.101485
0 0.254950 0.266089 0.103960 0.101485
3 0.254950 0.266089 0.103960 0.101485
4 0.497525 0.507426 0.103960 0.103960
1 0.497525 0.507426 0.103960 0.103960
4 0.700495 0.882426 0.074257 0.091584
1 0.700495 0.882426 0.074257 0.091584
4 0.761139 0.899752 0.086634 0.101485
1 0.761139 0.899752 0.086634 0.101485