4 0.819307 0.773515 0.103960 0.101485
0 0.819307 0.773515 0.103960 0.101485
4 0.537129 0.512376 0.094059 0.079208
0 0.537129 0.512376 0.094059 0.079208
4 0.273515 0.337871 0.091584 0.066832
0 0.273515 0.337871 0.091584 0.066832
4 0.254950 0.149752 0.133663 0.121287
1 0.254950 0.149752 0.133663 0.121287
2 0.254950 0.149752 0.133663 0.121287
4 0.280941 0.290842 0.096535 0.096535
1 0.280941 0.290842 0.096535 0.096535
4 0.549505 0.450495 0.103960 0.094059
1 0.549505 0.450495 0.103960 0.094059
4 0.899752 0.660891 0.101485 0.094059
1 0.899752 0.660891 0.101485 0.094059
4 0.346535 0.483911 0.113861 0.111386
0 0.346535 0.483911 0.113861 0.111386
2 0.346535 0.483911 0.113861 0.111386
1 0.485294 0.256765 0.112941 0.107647
2 0.485294 0.256765 0.112941 0.107647
0 0.487353 0.261176 0.060588 0.057647
2 0.487353 0.261176 0.060588 0.057647