4 0.196782 0.157178 0.101485 0.091584
1 0.196782 0.157178 0.101485 0.091584
4 0.633663 0.466584 0.099010 0.101485
1 0.633663 0.466584 0.099010 0.101485
4 0.867574 0.764851 0.091584 0.099010
1 0.867574 0.764851 0.091584 0.099010
4 0.826733 0.797030 0.074257 0.084158
1 0.826733 0.797030 0.074257 0.084158
4 0.186881 0.210396 0.096535 0.084158
0 0.186881 0.210396 0.096535 0.084158
4 0.504950 0.555693 0.094059 0.096535
0 0.504950 0.555693 0.094059 0.096535
4 0.773515 0.766089 0.076733 0.096535
0 0.773515 0.766089 0.076733 0.096535
4 0.899752 0.845297 0.091584 0.091584
0 0.899752 0.845297 0.091584 0.091584
4 0.595297 0.910891 0.111386 0.113861
0 0.595297 0.910891 0.111386 0.113861
3 0.595297 0.910891 0.111386 0.113861