4 0.282178 0.120050 0.089109 0.096535
1 0.282178 0.120050 0.089109 0.096535
4 0.863861 0.793317 0.118812 0.126238
1 0.863861 0.793317 0.118812 0.126238
4 0.242574 0.200495 0.094059 0.099010
0 0.242574 0.200495 0.094059 0.099010
4 0.329208 0.407178 0.103960 0.091584
0 0.329208 0.407178 0.103960 0.091584
4 0.809406 0.837871 0.089109 0.086634
0 0.809406 0.837871 0.089109 0.086634
4 0.827970 0.872525 0.076733 0.066832
0 0.827970 0.872525 0.076733 0.066832
4 0.336634 0.521040 0.103960 0.116337
0 0.336634 0.521040 0.103960 0.116337
3 0.336634 0.521040 0.103960 0.116337