4 0.482673 0.522277 0.099010 0.108911
0 0.482673 0.522277 0.099010 0.108911
4 0.224010 0.443069 0.096535 0.108911
0 0.224010 0.443069 0.096535 0.108911
4 0.344059 0.691832 0.084158 0.086634
0 0.344059 0.691832 0.084158 0.086634
4 0.081683 0.939356 0.079208 0.096535
0 0.081683 0.939356 0.079208 0.096535
4 0.626238 0.845297 0.103960 0.106436
0 0.626238 0.845297 0.103960 0.106436
3 0.626238 0.845297 0.103960 0.106436
4 0.201733 0.154703 0.106436 0.106436
1 0.201733 0.154703 0.106436 0.106436
4 0.550743 0.476485 0.106436 0.096535
1 0.550743 0.476485 0.106436 0.096535
4 0.806931 0.867574 0.094059 0.101485
1 0.806931 0.867574 0.094059 0.101485