4 0.727723 0.191832 0.094059 0.096535
1 0.727723 0.191832 0.094059 0.096535
4 0.815594 0.235149 0.096535 0.103960
1 0.815594 0.235149 0.096535 0.103960
4 0.768564 0.261139 0.081683 0.091584
1 0.768564 0.261139 0.081683 0.091584
4 0.758663 0.220297 0.076733 0.079208
1 0.758663 0.220297 0.076733 0.079208
4 0.725248 0.259901 0.074257 0.069307
0 0.725248 0.259901 0.074257 0.069307
4 0.722772 0.289604 0.069307 0.044554
0 0.722772 0.289604 0.069307 0.044554
4 0.700495 0.340347 0.118812 0.111386
0 0.700495 0.340347 0.118812 0.111386
3 0.700495 0.340347 0.118812 0.111386
4 0.785891 0.352723 0.111386 0.121287
0 0.785891 0.352723 0.111386 0.121287
3 0.785891 0.352723 0.111386 0.121287
4 0.084158 0.941832 0.084158 0.096535
0 0.084158 0.941832 0.084158 0.096535