4 0.068069 0.882426 0.096535 0.071782
0 0.068069 0.882426 0.096535 0.071782
2 0.068069 0.882426 0.096535 0.071782
4 0.227723 0.846535 0.103960 0.128713
0 0.227723 0.846535 0.103960 0.128713
4 0.089109 0.939356 0.084158 0.096535
0 0.089109 0.939356 0.084158 0.096535
4 0.714109 0.230198 0.081683 0.089109
1 0.714109 0.230198 0.081683 0.089109
4 0.754950 0.247525 0.059406 0.118812
1 0.754950 0.247525 0.059406 0.118812
4 0.689356 0.318069 0.086634 0.091584
0 0.689356 0.318069 0.086634 0.091584
0 0.746176 0.246176 0.108824 0.113529
2 0.746176 0.246176 0.108824 0.113529