4 0.424505 0.315594 0.101485 0.091584
0 0.424505 0.315594 0.101485 0.091584
4 0.503713 0.518564 0.091584 0.091584
0 0.503713 0.518564 0.091584 0.091584
4 0.845297 0.771040 0.071782 0.071782
0 0.845297 0.771040 0.071782 0.071782
4 0.871287 0.798267 0.089109 0.081683
0 0.871287 0.798267 0.089109 0.081683
4 0.875000 0.081683 0.146040 0.113861
0 0.875000 0.081683 0.146040 0.113861
2 0.875000 0.081683 0.146040 0.113861
4 0.459158 0.563119 0.101485 0.096535
1 0.459158 0.563119 0.101485 0.096535
0 0.214412 0.177059 0.128824 0.115294
2 0.214412 0.177059 0.128824 0.115294