4 0.414604 0.586634 0.091584 0.089109
1 0.414604 0.586634 0.091584 0.089109
4 0.356436 0.601485 0.089109 0.089109
1 0.356436 0.601485 0.089109 0.089109
4 0.464109 0.603960 0.061881 0.099010
0 0.464109 0.603960 0.061881 0.099010
4 0.397277 0.649752 0.101485 0.066832
0 0.397277 0.649752 0.101485 0.066832
4 0.268564 0.712871 0.121287 0.123762
0 0.268564 0.712871 0.121287 0.123762
3 0.268564 0.712871 0.121287 0.123762
4 0.122525 0.525990 0.101485 0.101485
0 0.122525 0.525990 0.101485 0.101485
3 0.122525 0.525990 0.101485 0.101485