4 0.101485 0.314356 0.094059 0.094059
0 0.101485 0.314356 0.094059 0.094059
4 0.273515 0.490099 0.086634 0.094059
0 0.273515 0.490099 0.086634 0.094059
4 0.404703 0.558168 0.091584 0.091584
0 0.404703 0.558168 0.091584 0.091584
4 0.715347 0.918317 0.099010 0.084158
0 0.715347 0.918317 0.099010 0.084158
4 0.407178 0.577970 0.111386 0.096535
0 0.407178 0.577970 0.111386 0.096535
2 0.407178 0.577970 0.111386 0.096535
4 0.706683 0.896040 0.111386 0.079208
0 0.706683 0.896040 0.111386 0.079208
2 0.706683 0.896040 0.111386 0.079208