4 0.290842 0.102723 0.096535 0.091584
1 0.290842 0.102723 0.096535 0.091584
4 0.519802 0.493812 0.094059 0.091584
1 0.519802 0.493812 0.094059 0.091584
4 0.787129 0.851485 0.123762 0.133663
1 0.787129 0.851485 0.123762 0.133663
4 0.446782 0.522277 0.086634 0.094059
0 0.446782 0.522277 0.086634 0.094059
4 0.582921 0.616337 0.091584 0.094059
0 0.582921 0.616337 0.091584 0.094059
4 0.717822 0.870050 0.079208 0.091584
0 0.717822 0.870050 0.079208 0.091584
4 0.695545 0.914604 0.089109 0.081683
0 0.695545 0.914604 0.089109 0.081683
4 0.262376 0.206683 0.103960 0.116337
0 0.262376 0.206683 0.103960 0.116337
3 0.262376 0.206683 0.103960 0.116337