4 0.404703 0.095297 0.101485 0.106436
0 0.404703 0.095297 0.101485 0.106436
4 0.509901 0.284653 0.103960 0.103960
0 0.509901 0.284653 0.103960 0.103960
4 0.590347 0.502475 0.096535 0.089109
0 0.590347 0.502475 0.096535 0.089109
4 0.835396 0.633663 0.101485 0.079208
0 0.835396 0.633663 0.101485 0.079208
4 0.805693 0.678218 0.111386 0.089109
0 0.805693 0.678218 0.111386 0.089109
4 0.175743 0.160891 0.113861 0.103960
1 0.175743 0.160891 0.113861 0.103960
4 0.660891 0.768564 0.148515 0.121287
1 0.660891 0.768564 0.148515 0.121287
3 0.660891 0.768564 0.148515 0.121287