4 0.928218 0.637376 0.094059 0.076733
1 0.928218 0.637376 0.094059 0.076733
4 0.912129 0.669554 0.101485 0.096535
1 0.912129 0.669554 0.101485 0.096535
4 0.101485 0.565594 0.103960 0.106436
0 0.101485 0.565594 0.103960 0.106436
4 0.337871 0.693069 0.106436 0.103960
0 0.337871 0.693069 0.106436 0.103960
4 0.782178 0.862624 0.099010 0.096535
0 0.782178 0.862624 0.099010 0.096535
4 0.618812 0.425743 0.094059 0.094059
0 0.618812 0.425743 0.094059 0.094059
4 0.273515 0.485149 0.116337 0.113861
0 0.273515 0.485149 0.116337 0.113861
3 0.273515 0.485149 0.116337 0.113861