4 0.345297 0.226485 0.086634 0.086634
0 0.345297 0.226485 0.086634 0.086634
4 0.956683 0.178218 0.081683 0.074257
1 0.956683 0.178218 0.081683 0.074257
4 0.750000 0.409653 0.084158 0.081683
1 0.750000 0.409653 0.084158 0.081683
4 0.929455 0.194307 0.101485 0.096535
1 0.929455 0.194307 0.101485 0.096535
2 0.929455 0.194307 0.101485 0.096535
4 0.670792 0.500000 0.064356 0.074257
1 0.670792 0.500000 0.064356 0.074257
2 0.670792 0.500000 0.064356 0.074257
4 0.922030 0.732673 0.111386 0.108911
1 0.922030 0.732673 0.111386 0.108911
3 0.922030 0.732673 0.111386 0.108911
4 0.647277 0.487624 0.081683 0.084158
0 0.647277 0.487624 0.081683 0.084158
4 0.625000 0.506188 0.061881 0.066832
0 0.625000 0.506188 0.061881 0.066832