4 0.162129 0.247525 0.101485 0.084158
0 0.162129 0.247525 0.101485 0.084158
4 0.154703 0.212871 0.086634 0.044554
0 0.154703 0.212871 0.086634 0.044554
4 0.146040 0.282178 0.103960 0.064356
1 0.146040 0.282178 0.103960 0.064356
4 0.428218 0.569307 0.103960 0.094059
1 0.428218 0.569307 0.103960 0.094059
4 0.815594 0.875000 0.116337 0.086634
1 0.815594 0.875000 0.116337 0.086634
4 0.710396 0.891089 0.099010 0.094059
1 0.710396 0.891089 0.099010 0.094059
4 0.445545 0.454208 0.123762 0.121287
0 0.445545 0.454208 0.123762 0.121287
3 0.445545 0.454208 0.123762 0.121287
4 0.884901 0.704208 0.121287 0.121287
0 0.884901 0.704208 0.121287 0.121287
3 0.884901 0.704208 0.121287 0.121287
4 0.872525 0.751238 0.131188 0.066832
0 0.872525 0.751238 0.131188 0.066832
3 0.872525 0.751238 0.131188 0.066832