4 0.141089 0.435644 0.103960 0.079208
1 0.141089 0.435644 0.103960 0.079208
4 0.127475 0.448020 0.081683 0.064356
1 0.127475 0.448020 0.081683 0.064356
4 0.115099 0.481436 0.086634 0.096535
1 0.115099 0.481436 0.086634 0.096535
4 0.523515 0.519802 0.086634 0.094059
0 0.523515 0.519802 0.086634 0.094059
4 0.243812 0.544554 0.106436 0.084158
0 0.243812 0.544554 0.106436 0.084158
4 0.293317 0.701733 0.111386 0.101485
0 0.293317 0.701733 0.111386 0.101485
3 0.293317 0.701733 0.111386 0.101485
4 0.876238 0.772277 0.113861 0.113861
0 0.876238 0.772277 0.113861 0.113861
3 0.876238 0.772277 0.113861 0.113861