4 0.502475 0.523515 0.089109 0.086634
1 0.502475 0.523515 0.089109 0.086634
4 0.511139 0.259901 0.131188 0.128713
1 0.511139 0.259901 0.131188 0.128713
2 0.511139 0.259901 0.131188 0.128713
4 0.788366 0.820545 0.121287 0.091584
1 0.788366 0.820545 0.121287 0.091584
3 0.788366 0.820545 0.121287 0.091584
4 0.758663 0.852723 0.101485 0.086634
1 0.758663 0.852723 0.101485 0.086634
4 0.788366 0.681931 0.111386 0.096535
0 0.788366 0.681931 0.111386 0.096535
4 0.480198 0.398515 0.094059 0.084158
0 0.480198 0.398515 0.094059 0.084158
4 0.451733 0.476485 0.091584 0.071782
0 0.451733 0.476485 0.091584 0.071782
4 0.235149 0.155941 0.094059 0.089109
0 0.235149 0.155941 0.094059 0.089109
4 0.685644 0.903465 0.118812 0.118812
0 0.685644 0.903465 0.118812 0.118812
3 0.685644 0.903465 0.118812 0.118812