4 0.780941 0.209158 0.096535 0.091584
1 0.780941 0.209158 0.096535 0.091584
4 0.837871 0.214109 0.066832 0.101485
1 0.837871 0.214109 0.066832 0.101485
4 0.787129 0.248762 0.094059 0.047030
0 0.787129 0.248762 0.094059 0.047030
4 0.528465 0.792079 0.116337 0.103960
0 0.528465 0.792079 0.116337 0.103960
4 0.727723 0.876238 0.108911 0.094059
0 0.727723 0.876238 0.108911 0.094059
4 0.111386 0.847772 0.099010 0.101485
0 0.111386 0.847772 0.099010 0.101485
4 0.740099 0.310644 0.123762 0.126238
0 0.740099 0.310644 0.123762 0.126238
3 0.740099 0.310644 0.123762 0.126238