4 0.775990 0.735149 0.101485 0.123762
0 0.775990 0.735149 0.101485 0.123762
3 0.775990 0.735149 0.101485 0.123762
4 0.250000 0.409653 0.103960 0.111386
0 0.250000 0.409653 0.103960 0.111386
3 0.250000 0.409653 0.103960 0.111386
4 0.481436 0.256188 0.121287 0.111386
1 0.481436 0.256188 0.121287 0.111386
2 0.481436 0.256188 0.121287 0.111386
4 0.353960 0.389851 0.094059 0.101485
0 0.353960 0.389851 0.094059 0.101485
4 0.549505 0.485149 0.094059 0.094059
0 0.549505 0.485149 0.094059 0.094059
4 0.879950 0.732673 0.096535 0.108911
1 0.879950 0.732673 0.096535 0.108911
4 0.917079 0.724010 0.066832 0.106436
1 0.917079 0.724010 0.066832 0.106436
1 0.508235 0.483235 0.071765 0.098235
2 0.508235 0.483235 0.071765 0.098235