4 0.238861 0.154703 0.126238 0.111386
0 0.238861 0.154703 0.126238 0.111386
2 0.238861 0.154703 0.126238 0.111386
4 0.117574 0.554455 0.091584 0.089109
0 0.117574 0.554455 0.091584 0.089109
4 0.168317 0.764851 0.089109 0.094059
0 0.168317 0.764851 0.089109 0.094059
4 0.555693 0.507426 0.096535 0.089109
0 0.555693 0.507426 0.096535 0.089109
4 0.847772 0.772277 0.096535 0.089109
0 0.847772 0.772277 0.096535 0.089109
4 0.905941 0.694307 0.108911 0.091584
1 0.905941 0.694307 0.108911 0.091584
0 0.479706 0.519412 0.091176 0.092941
2 0.479706 0.519412 0.091176 0.092941