4 0.566832 0.506188 0.113861 0.111386
0 0.566832 0.506188 0.113861 0.111386
3 0.566832 0.506188 0.113861 0.111386
4 0.544554 0.480198 0.089109 0.074257
0 0.544554 0.480198 0.089109 0.074257
4 0.518564 0.721535 0.096535 0.101485
0 0.518564 0.721535 0.096535 0.101485
4 0.657178 0.872525 0.096535 0.081683
0 0.657178 0.872525 0.096535 0.081683
4 0.745050 0.899752 0.099010 0.096535
1 0.745050 0.899752 0.099010 0.096535
4 0.496287 0.300743 0.096535 0.091584
1 0.496287 0.300743 0.096535 0.091584
4 0.215347 0.178218 0.099010 0.084158
1 0.215347 0.178218 0.099010 0.084158