4 0.345297 0.693069 0.131188 0.108911
0 0.345297 0.693069 0.131188 0.108911
2 0.345297 0.693069 0.131188 0.108911
4 0.272277 0.488861 0.123762 0.126238
0 0.272277 0.488861 0.123762 0.126238
3 0.272277 0.488861 0.123762 0.126238
4 0.106436 0.569307 0.099010 0.094059
0 0.106436 0.569307 0.099010 0.094059
4 0.595297 0.429455 0.091584 0.091584
0 0.595297 0.429455 0.091584 0.091584
4 0.730198 0.893564 0.084158 0.084158
0 0.730198 0.893564 0.084158 0.084158
4 0.892327 0.664604 0.086634 0.091584
1 0.892327 0.664604 0.086634 0.091584
0 0.587353 0.454706 0.092353 0.091765
2 0.587353 0.454706 0.092353 0.091765