4 0.144802 0.263614 0.091584 0.091584
0 0.144802 0.263614 0.091584 0.091584
4 0.523515 0.500000 0.091584 0.094059
0 0.523515 0.500000 0.091584 0.094059
4 0.865099 0.705446 0.096535 0.084158
0 0.865099 0.705446 0.096535 0.084158
4 0.892327 0.747525 0.071782 0.094059
0 0.892327 0.747525 0.071782 0.094059
4 0.412129 0.178218 0.096535 0.108911
0 0.412129 0.178218 0.096535 0.108911
3 0.412129 0.178218 0.096535 0.108911
4 0.091584 0.283416 0.079208 0.096535
1 0.091584 0.283416 0.079208 0.096535
4 0.467822 0.517327 0.094059 0.099010
1 0.467822 0.517327 0.094059 0.099010
4 0.832921 0.827970 0.086634 0.101485
1 0.832921 0.827970 0.086634 0.101485