4 0.918317 0.126238 0.094059 0.094059
0 0.918317 0.126238 0.094059 0.094059
4 0.896040 0.537129 0.094059 0.094059
0 0.896040 0.537129 0.094059 0.094059
4 0.686881 0.560644 0.086634 0.091584
0 0.686881 0.560644 0.086634 0.091584
4 0.674505 0.474010 0.106436 0.111386
0 0.674505 0.474010 0.106436 0.111386
3 0.674505 0.474010 0.106436 0.111386
4 0.944307 0.084158 0.096535 0.103960
0 0.944307 0.084158 0.096535 0.103960
2 0.944307 0.084158 0.096535 0.103960
0 0.679118 0.591471 0.105294 0.111176
2 0.679118 0.591471 0.105294 0.111176