4 0.525990 0.508663 0.091584 0.101485
1 0.525990 0.508663 0.091584 0.101485
4 0.490099 0.495050 0.094059 0.064356
1 0.490099 0.495050 0.094059 0.064356
2 0.490099 0.495050 0.094059 0.064356
4 0.136139 0.527228 0.089109 0.099010
0 0.136139 0.527228 0.089109 0.099010
4 0.480198 0.517327 0.044554 0.074257
0 0.480198 0.517327 0.044554 0.074257
4 0.485149 0.559406 0.089109 0.079208
0 0.485149 0.559406 0.089109 0.079208
4 0.527228 0.559406 0.074257 0.024752
0 0.527228 0.559406 0.074257 0.024752
4 0.180693 0.878713 0.089109 0.099010
0 0.180693 0.878713 0.089109 0.099010