4 0.501238 0.498762 0.096535 0.091584
1 0.501238 0.498762 0.096535 0.091584
4 0.878713 0.761139 0.079208 0.091584
1 0.878713 0.761139 0.079208 0.091584
4 0.842822 0.777228 0.061881 0.103960
1 0.842822 0.777228 0.061881 0.103960
4 0.180693 0.220297 0.099010 0.094059
0 0.180693 0.220297 0.099010 0.094059
4 0.477723 0.646040 0.099010 0.094059
0 0.477723 0.646040 0.099010 0.094059
4 0.509901 0.863861 0.099010 0.089109
0 0.509901 0.863861 0.099010 0.089109
4 0.430693 0.363861 0.128713 0.113861
0 0.430693 0.363861 0.128713 0.113861
2 0.430693 0.363861 0.128713 0.113861
0 0.470000 0.537353 0.114118 0.098235
2 0.470000 0.537353 0.114118 0.098235