4 0.923267 0.092822 0.094059 0.091584
0 0.923267 0.092822 0.094059 0.091584
4 0.779703 0.877475 0.084158 0.066832
0 0.779703 0.877475 0.084158 0.066832
4 0.763614 0.908416 0.076733 0.094059
0 0.763614 0.908416 0.076733 0.094059
4 0.931931 0.092822 0.111386 0.116337
0 0.931931 0.092822 0.111386 0.116337
2 0.931931 0.092822 0.111386 0.116337
4 0.231436 0.142327 0.091584 0.096535
1 0.231436 0.142327 0.091584 0.096535
4 0.709158 0.919554 0.076733 0.091584
1 0.709158 0.919554 0.076733 0.091584
0 0.247647 0.152059 0.115294 0.120588
2 0.247647 0.152059 0.115294 0.120588