4 0.287129 0.105198 0.089109 0.096535
1 0.287129 0.105198 0.089109 0.096535
4 0.503713 0.502475 0.096535 0.099010
1 0.503713 0.502475 0.096535 0.099010
4 0.810644 0.839109 0.091584 0.089109
1 0.810644 0.839109 0.091584 0.089109
4 0.758663 0.851485 0.071782 0.089109
0 0.758663 0.851485 0.071782 0.089109
4 0.490099 0.579208 0.094059 0.094059
0 0.490099 0.579208 0.094059 0.094059
4 0.240099 0.183168 0.089109 0.099010
0 0.240099 0.183168 0.089109 0.099010
4 0.444307 0.586634 0.086634 0.094059
0 0.444307 0.586634 0.086634 0.094059
3 0.444307 0.586634 0.086634 0.094059