4 0.269802 0.113861 0.094059 0.094059
0 0.269802 0.113861 0.094059 0.094059
4 0.939356 0.111386 0.096535 0.084158
0 0.939356 0.111386 0.096535 0.084158
4 0.919554 0.153465 0.106436 0.108911
0 0.919554 0.153465 0.106436 0.108911
4 0.579208 0.507426 0.094059 0.103960
0 0.579208 0.507426 0.094059 0.103960
4 0.893564 0.803218 0.099010 0.111386
0 0.893564 0.803218 0.099010 0.111386
3 0.893564 0.803218 0.099010 0.111386
4 0.772277 0.846535 0.099010 0.094059
1 0.772277 0.846535 0.099010 0.094059
4 0.509901 0.516089 0.089109 0.101485
1 0.509901 0.516089 0.089109 0.101485
4 0.231436 0.163366 0.096535 0.099010
1 0.231436 0.163366 0.096535 0.099010