4 0.699257 0.295792 0.081683 0.081683
1 0.699257 0.295792 0.081683 0.081683
4 0.702970 0.337871 0.108911 0.042079
1 0.702970 0.337871 0.108911 0.042079
4 0.646040 0.264851 0.084158 0.089109
0 0.646040 0.264851 0.084158 0.089109
4 0.605198 0.272277 0.047030 0.089109
0 0.605198 0.272277 0.047030 0.089109
4 0.238861 0.487624 0.116337 0.099010
0 0.238861 0.487624 0.116337 0.099010
4 0.439356 0.773515 0.111386 0.111386
0 0.439356 0.773515 0.111386 0.111386
2 0.439356 0.773515 0.111386 0.111386
0 0.915000 0.547353 0.066471 0.067647
2 0.915000 0.547353 0.066471 0.067647