4 0.855198 0.226485 0.086634 0.047030
0 0.855198 0.226485 0.086634 0.047030
4 0.862624 0.183168 0.101485 0.108911
1 0.862624 0.183168 0.101485 0.108911
4 0.810644 0.144802 0.096535 0.081683
1 0.810644 0.144802 0.096535 0.081683
4 0.804455 0.221535 0.079208 0.081683
1 0.804455 0.221535 0.079208 0.081683
4 0.738861 0.315594 0.116337 0.121287
0 0.738861 0.315594 0.116337 0.121287
3 0.738861 0.315594 0.116337 0.121287
4 0.570545 0.830446 0.101485 0.106436
0 0.570545 0.830446 0.101485 0.106436
4 0.731436 0.879950 0.096535 0.096535
0 0.731436 0.879950 0.096535 0.096535
4 0.157178 0.720297 0.106436 0.103960
0 0.157178 0.720297 0.106436 0.103960