4 0.705882 0.735588 0.105882 0.101765
1 0.705882 0.735588 0.105882 0.101765
2 0.705882 0.735588 0.105882 0.101765
1 0.529412 0.500882 0.063529 0.057059
2 0.529412 0.500882 0.063529 0.057059
4 0.715294 0.902941 0.084706 0.080000
1 0.715294 0.902941 0.084706 0.080000
4 0.512059 0.515588 0.081765 0.079412
1 0.512059 0.515588 0.081765 0.079412
4 0.110882 0.306765 0.088824 0.081765
1 0.110882 0.306765 0.088824 0.081765
4 0.213529 0.842059 0.081176 0.079412
0 0.213529 0.842059 0.081176 0.079412
4 0.365294 0.861176 0.085882 0.082353
0 0.365294 0.861176 0.085882 0.082353
4 0.439412 0.610588 0.084706 0.082353
0 0.439412 0.610588 0.084706 0.082353
4 0.484412 0.559412 0.081765 0.077647
0 0.484412 0.559412 0.081765 0.077647
4 0.869118 0.833529 0.086471 0.085882
0 0.869118 0.833529 0.086471 0.085882