1 0.820882 0.890000 0.127647 0.117647
2 0.820882 0.890000 0.127647 0.117647
4 0.868235 0.855588 0.081176 0.078235
0 0.868235 0.855588 0.081176 0.078235
4 0.629118 0.861176 0.086471 0.080000
0 0.629118 0.861176 0.086471 0.080000
4 0.102353 0.911765 0.081176 0.080000
0 0.102353 0.911765 0.081176 0.080000
4 0.290294 0.572941 0.080588 0.081176
0 0.290294 0.572941 0.080588 0.081176
4 0.147941 0.253824 0.085294 0.082941
1 0.147941 0.253824 0.085294 0.082941
4 0.588824 0.474118 0.097647 0.097647
1 0.588824 0.474118 0.097647 0.097647
3 0.588824 0.474118 0.097647 0.097647
4 0.800588 0.810588 0.089412 0.078824
1 0.800588 0.810588 0.089412 0.078824