4 0.118824 0.331765 0.084706 0.084706
1 0.118824 0.331765 0.084706 0.084706
4 0.561176 0.751765 0.081176 0.081176
0 0.561176 0.751765 0.081176 0.081176
4 0.666176 0.697059 0.080588 0.081176
0 0.666176 0.697059 0.080588 0.081176
4 0.718235 0.677941 0.075294 0.084118
0 0.718235 0.677941 0.075294 0.084118
4 0.468235 0.548235 0.083529 0.080000
0 0.468235 0.548235 0.083529 0.080000
4 0.473235 0.525588 0.097059 0.080588
0 0.473235 0.525588 0.097059 0.080588
4 0.530882 0.490882 0.112353 0.119412
1 0.530882 0.490882 0.112353 0.119412
3 0.530882 0.490882 0.112353 0.119412