1 0.769118 0.724706 0.085294 0.078824
2 0.769118 0.724706 0.085294 0.078824
4 0.917059 0.642647 0.108235 0.100588
1 0.917059 0.642647 0.108235 0.100588
2 0.917059 0.642647 0.108235 0.100588
4 0.741176 0.755294 0.081176 0.078824
0 0.741176 0.755294 0.081176 0.078824
4 0.908235 0.727647 0.080000 0.081176
0 0.908235 0.727647 0.080000 0.081176
4 0.840294 0.693824 0.082941 0.081765
0 0.840294 0.693824 0.082941 0.081765
4 0.665000 0.572647 0.084118 0.087647
0 0.665000 0.572647 0.084118 0.087647
4 0.558235 0.469706 0.083529 0.081765
0 0.558235 0.469706 0.083529 0.081765
4 0.574412 0.431471 0.086471 0.087647
1 0.574412 0.431471 0.086471 0.087647
4 0.237941 0.132941 0.085294 0.089412
1 0.237941 0.132941 0.085294 0.089412