1 0.773824 0.727353 0.073529 0.068824
2 0.773824 0.727353 0.073529 0.068824
4 0.883235 0.665000 0.097059 0.092353
1 0.883235 0.665000 0.097059 0.092353
2 0.883235 0.665000 0.097059 0.092353
4 0.909706 0.725000 0.082941 0.085294
0 0.909706 0.725000 0.082941 0.085294
4 0.860000 0.697647 0.085882 0.080000
0 0.860000 0.697647 0.085882 0.080000
4 0.719412 0.770000 0.085882 0.089412
0 0.719412 0.770000 0.085882 0.089412
4 0.656176 0.552059 0.084118 0.084118
0 0.656176 0.552059 0.084118 0.084118
4 0.537647 0.465000 0.082353 0.080588
0 0.537647 0.465000 0.082353 0.080588
4 0.562941 0.448529 0.083529 0.082941
1 0.562941 0.448529 0.083529 0.082941
4 0.239706 0.126471 0.080588 0.084706
1 0.239706 0.126471 0.080588 0.084706