4 0.790882 0.808824 0.110000 0.107059
1 0.790882 0.808824 0.110000 0.107059
3 0.790882 0.808824 0.110000 0.107059
4 0.635882 0.819706 0.080000 0.082941
0 0.635882 0.819706 0.080000 0.082941
4 0.718529 0.862353 0.084118 0.078824
0 0.718529 0.862353 0.084118 0.078824
4 0.546471 0.443824 0.084706 0.077059
0 0.546471 0.443824 0.084706 0.077059
4 0.512647 0.547941 0.079412 0.079412
0 0.512647 0.547941 0.079412 0.079412
4 0.496471 0.537059 0.087059 0.077647
1 0.496471 0.537059 0.087059 0.077647
4 0.538235 0.286471 0.084706 0.078824
1 0.538235 0.286471 0.084706 0.078824
4 0.530588 0.333235 0.084706 0.073529
0 0.530588 0.333235 0.084706 0.073529
4 0.156471 0.275882 0.089412 0.084706
1 0.156471 0.275882 0.089412 0.084706