4 0.524706 0.782059 0.081176 0.080588
0 0.524706 0.782059 0.081176 0.080588
4 0.610882 0.830000 0.078235 0.081176
0 0.610882 0.830000 0.078235 0.081176
4 0.773824 0.865000 0.082941 0.078235
1 0.773824 0.865000 0.082941 0.078235
4 0.590588 0.440588 0.083529 0.082353
1 0.590588 0.440588 0.083529 0.082353
4 0.479118 0.371471 0.086471 0.085294
1 0.479118 0.371471 0.086471 0.085294
4 0.148235 0.265882 0.091765 0.084706
1 0.148235 0.265882 0.091765 0.084706
4 0.449118 0.390882 0.079412 0.078235
0 0.449118 0.390882 0.079412 0.078235
4 0.563235 0.464706 0.087647 0.078824
0 0.563235 0.464706 0.087647 0.078824
4 0.454118 0.460000 0.084706 0.082353
0 0.454118 0.460000 0.084706 0.082353
1 0.467647 0.535882 0.078824 0.071765
2 0.467647 0.535882 0.078824 0.071765