1 0.609118 0.435588 0.053529 0.046471
2 0.609118 0.435588 0.053529 0.046471
4 0.563824 0.467647 0.093529 0.091765
1 0.563824 0.467647 0.093529 0.091765
2 0.563824 0.467647 0.093529 0.091765
4 0.554118 0.517353 0.088235 0.080588
0 0.554118 0.517353 0.088235 0.080588
4 0.802941 0.849412 0.075294 0.075294
0 0.802941 0.849412 0.075294 0.075294
4 0.793235 0.842647 0.079412 0.079412
0 0.793235 0.842647 0.079412 0.079412
4 0.528529 0.245294 0.080588 0.084706
0 0.528529 0.245294 0.080588 0.084706
4 0.617647 0.143235 0.070588 0.080588
0 0.617647 0.143235 0.070588 0.080588
4 0.129412 0.274412 0.090588 0.082941
1 0.129412 0.274412 0.090588 0.082941
4 0.603235 0.158824 0.088824 0.081176
1 0.603235 0.158824 0.088824 0.081176
4 0.646176 0.135882 0.081765 0.074118
1 0.646176 0.135882 0.081765 0.074118