4 0.393235 0.743529 0.085294 0.078824
0 0.393235 0.743529 0.085294 0.078824
4 0.444412 0.695882 0.081765 0.076471
0 0.444412 0.695882 0.081765 0.076471
4 0.595588 0.569706 0.090000 0.080588
0 0.595588 0.569706 0.090000 0.080588
4 0.506765 0.510588 0.087647 0.082353
0 0.506765 0.510588 0.087647 0.082353
4 0.200882 0.208529 0.091176 0.082941
1 0.200882 0.208529 0.091176 0.082941
4 0.527647 0.470294 0.082353 0.077059
1 0.527647 0.470294 0.082353 0.077059
4 0.542353 0.481471 0.080000 0.070000
1 0.542353 0.481471 0.080000 0.070000
4 0.765882 0.851471 0.082353 0.082941
1 0.765882 0.851471 0.082353 0.082941
1 0.818824 0.880294 0.109412 0.098235
2 0.818824 0.880294 0.109412 0.098235