4 0.606176 0.810294 0.082941 0.077059
0 0.606176 0.810294 0.082941 0.077059
4 0.586471 0.810882 0.076471 0.075882
0 0.586471 0.810882 0.076471 0.075882
4 0.502353 0.533824 0.083529 0.079412
0 0.502353 0.533824 0.083529 0.079412
4 0.819412 0.696176 0.098824 0.104118
0 0.819412 0.696176 0.098824 0.104118
3 0.819412 0.696176 0.098824 0.104118
4 0.880000 0.792059 0.081176 0.079412
0 0.880000 0.792059 0.081176 0.079412
4 0.120294 0.337941 0.091176 0.085294
1 0.120294 0.337941 0.091176 0.085294
4 0.546471 0.470588 0.077647 0.078824
1 0.546471 0.470588 0.077647 0.078824
4 0.552941 0.458235 0.076471 0.078824
1 0.552941 0.458235 0.076471 0.078824
1 0.917647 0.685882 0.091765 0.089412
2 0.917647 0.685882 0.091765 0.089412