4 0.913235 0.647353 0.111176 0.108824
1 0.913235 0.647353 0.111176 0.108824
2 0.913235 0.647353 0.111176 0.108824
4 0.546176 0.481471 0.080588 0.081765
0 0.546176 0.481471 0.080588 0.081765
4 0.678235 0.589118 0.081176 0.084118
0 0.678235 0.589118 0.081176 0.084118
4 0.826471 0.680588 0.078824 0.077647
0 0.826471 0.680588 0.078824 0.077647
4 0.903235 0.730588 0.085294 0.078824
0 0.903235 0.730588 0.085294 0.078824
4 0.585588 0.431176 0.081765 0.089412
1 0.585588 0.431176 0.081765 0.089412
4 0.249412 0.127941 0.087059 0.084118
1 0.249412 0.127941 0.087059 0.084118
1 0.771765 0.727059 0.091765 0.092941
2 0.771765 0.727059 0.091765 0.092941
4 0.750294 0.746765 0.086471 0.081765
0 0.750294 0.746765 0.086471 0.081765