4 0.161471 0.924412 0.090000 0.080588
0 0.161471 0.924412 0.090000 0.080588
4 0.782647 0.874412 0.079412 0.080588
0 0.782647 0.874412 0.079412 0.080588
4 0.824118 0.851471 0.077647 0.077059
0 0.824118 0.851471 0.077647 0.077059
1 0.834412 0.818235 0.097059 0.084706
2 0.834412 0.818235 0.097059 0.084706
4 0.571765 0.509412 0.080000 0.081176
1 0.571765 0.509412 0.080000 0.081176
4 0.112353 0.297647 0.087059 0.088235
1 0.112353 0.297647 0.087059 0.088235
4 0.188235 0.448529 0.083529 0.085294
0 0.188235 0.448529 0.083529 0.085294
4 0.579118 0.532353 0.082941 0.074118
0 0.579118 0.532353 0.082941 0.074118