1 0.877647 0.774412 0.072941 0.066471
2 0.877647 0.774412 0.072941 0.066471
4 0.867353 0.857059 0.085294 0.082353
0 0.867353 0.857059 0.085294 0.082353
4 0.829706 0.694412 0.085294 0.081765
0 0.829706 0.694412 0.085294 0.081765
4 0.649706 0.762941 0.081765 0.085882
0 0.649706 0.762941 0.081765 0.085882
4 0.620294 0.621176 0.068824 0.077647
0 0.620294 0.621176 0.068824 0.077647
4 0.590294 0.607353 0.084118 0.077059
1 0.590294 0.607353 0.084118 0.077059
4 0.504706 0.506176 0.081176 0.077059
1 0.504706 0.506176 0.081176 0.077059
4 0.166176 0.357941 0.084118 0.080588
1 0.166176 0.357941 0.084118 0.080588