4 0.479118 0.529412 0.090000 0.081176
1 0.479118 0.529412 0.090000 0.081176
4 0.390588 0.627941 0.098824 0.094706
0 0.390588 0.627941 0.098824 0.094706
2 0.390588 0.627941 0.098824 0.094706
0 0.505000 0.517941 0.032353 0.033529
2 0.505000 0.517941 0.032353 0.033529
1 0.874412 0.758235 0.115882 0.114118
2 0.874412 0.758235 0.115882 0.114118
4 0.678824 0.637353 0.085882 0.084118
0 0.678824 0.637353 0.085882 0.084118
2 0.678824 0.637353 0.085882 0.084118
4 0.730588 0.876471 0.084706 0.075294
0 0.730588 0.876471 0.084706 0.075294
2 0.730588 0.876471 0.084706 0.075294
4 0.853529 0.784706 0.085882 0.078824
0 0.853529 0.784706 0.085882 0.078824
2 0.853529 0.784706 0.085882 0.078824