4 0.897059 0.794118 0.107059 0.091765
0 0.897059 0.794118 0.107059 0.091765
3 0.897059 0.794118 0.107059 0.091765
4 0.470882 0.429412 0.102941 0.100000
0 0.470882 0.429412 0.102941 0.100000
3 0.470882 0.429412 0.102941 0.100000
4 0.922059 0.675294 0.111176 0.128235
1 0.922059 0.675294 0.111176 0.128235
2 0.922059 0.675294 0.111176 0.128235
4 0.273235 0.841765 0.088824 0.080000
0 0.273235 0.841765 0.088824 0.080000
4 0.681176 0.662353 0.088235 0.082353
0 0.681176 0.662353 0.088235 0.082353
4 0.774706 0.772941 0.084706 0.087059
0 0.774706 0.772941 0.084706 0.087059