4 0.187353 0.445882 0.081765 0.090588
0 0.187353 0.445882 0.081765 0.090588
4 0.077353 0.940882 0.064118 0.067647
0 0.077353 0.940882 0.064118 0.067647
4 0.794706 0.878824 0.080000 0.081176
0 0.794706 0.878824 0.080000 0.081176
4 0.832353 0.877647 0.076471 0.081176
0 0.832353 0.877647 0.076471 0.081176
4 0.566176 0.519412 0.078235 0.075294
0 0.566176 0.519412 0.078235 0.075294
4 0.111176 0.293529 0.084706 0.080000
1 0.111176 0.293529 0.084706 0.080000
4 0.561765 0.503824 0.082353 0.082941
1 0.561765 0.503824 0.082353 0.082941
1 0.835000 0.817059 0.110000 0.107059
2 0.835000 0.817059 0.110000 0.107059