4 0.206176 0.914412 0.078235 0.079412
0 0.206176 0.914412 0.078235 0.079412
4 0.187647 0.447059 0.083529 0.085882
0 0.187647 0.447059 0.083529 0.085882
4 0.580588 0.531471 0.081176 0.072353
0 0.580588 0.531471 0.081176 0.072353
4 0.767059 0.849118 0.081176 0.085294
0 0.767059 0.849118 0.081176 0.085294
4 0.839118 0.837647 0.090000 0.084706
0 0.839118 0.837647 0.090000 0.084706
4 0.112647 0.305294 0.081765 0.085882
1 0.112647 0.305294 0.081765 0.085882
4 0.572941 0.510294 0.080000 0.082941
1 0.572941 0.510294 0.080000 0.082941
1 0.836176 0.825000 0.092353 0.085294
2 0.836176 0.825000 0.092353 0.085294