4 0.116471 0.928824 0.088235 0.085882
0 0.116471 0.928824 0.088235 0.085882
4 0.188529 0.447353 0.078235 0.087647
0 0.188529 0.447353 0.078235 0.087647
4 0.570294 0.518824 0.073529 0.071765
0 0.570294 0.518824 0.073529 0.071765
4 0.810588 0.864118 0.083529 0.069412
0 0.810588 0.864118 0.083529 0.069412
4 0.806471 0.894706 0.091765 0.069412
0 0.806471 0.894706 0.091765 0.069412
4 0.112941 0.292647 0.085882 0.087647
1 0.112941 0.292647 0.085882 0.087647
4 0.564706 0.508824 0.085882 0.083529
1 0.564706 0.508824 0.085882 0.083529
1 0.838235 0.815588 0.104706 0.102941
2 0.838235 0.815588 0.104706 0.102941