4 0.570000 0.341765 0.116471 0.112941
0 0.570000 0.341765 0.116471 0.112941
3 0.570000 0.341765 0.116471 0.112941
4 0.442353 0.587353 0.072941 0.080588
0 0.442353 0.587353 0.072941 0.080588
4 0.547059 0.511471 0.084706 0.080588
0 0.547059 0.511471 0.084706 0.080588
4 0.644412 0.488235 0.086471 0.078824
0 0.644412 0.488235 0.086471 0.078824
4 0.641765 0.560882 0.082353 0.077059
0 0.641765 0.560882 0.082353 0.077059
4 0.484118 0.585882 0.078824 0.081176
1 0.484118 0.585882 0.078824 0.081176
4 0.786176 0.789706 0.090000 0.077059
1 0.786176 0.789706 0.090000 0.077059
4 0.781765 0.848235 0.084706 0.068235
1 0.781765 0.848235 0.084706 0.068235
1 0.682059 0.590294 0.052353 0.055882
2 0.682059 0.590294 0.052353 0.055882