4 0.221176 0.128824 0.081176 0.091765
1 0.221176 0.128824 0.081176 0.091765
4 0.547647 0.461765 0.074118 0.080000
1 0.547647 0.461765 0.074118 0.080000
4 0.819118 0.703529 0.092353 0.091765
1 0.819118 0.703529 0.092353 0.091765
2 0.819118 0.703529 0.092353 0.091765
1 0.770294 0.728824 0.059412 0.057647
2 0.770294 0.728824 0.059412 0.057647
4 0.720000 0.796765 0.091765 0.080588
0 0.720000 0.796765 0.091765 0.080588
4 0.867941 0.693824 0.084118 0.086471
0 0.867941 0.693824 0.084118 0.086471
4 0.910294 0.732059 0.086471 0.080588
0 0.910294 0.732059 0.086471 0.080588
4 0.644118 0.555294 0.078824 0.088235
0 0.644118 0.555294 0.078824 0.088235
4 0.533235 0.474118 0.078235 0.076471
0 0.533235 0.474118 0.078235 0.076471