4 0.480882 0.885294 0.079412 0.081176
1 0.480882 0.885294 0.079412 0.081176
4 0.473529 0.894412 0.084706 0.068824
1 0.473529 0.894412 0.084706 0.068824
4 0.491176 0.879118 0.085882 0.071176
1 0.491176 0.879118 0.085882 0.071176
4 0.496765 0.873235 0.082941 0.080588
1 0.496765 0.873235 0.082941 0.080588
4 0.743824 0.282059 0.079412 0.075882
0 0.743824 0.282059 0.079412 0.075882
4 0.737647 0.277353 0.081176 0.068824
0 0.737647 0.277353 0.081176 0.068824
4 0.733824 0.270882 0.078235 0.078235
0 0.733824 0.270882 0.078235 0.078235
4 0.727941 0.426471 0.080588 0.072941
0 0.727941 0.426471 0.080588 0.072941
4 0.762647 0.518235 0.078235 0.076471
0 0.762647 0.518235 0.078235 0.076471
4 0.732941 0.465294 0.100000 0.098824
1 0.732941 0.465294 0.100000 0.098824
2 0.732941 0.465294 0.100000 0.098824