4 0.817059 0.881765 0.116471 0.109412
1 0.817059 0.881765 0.116471 0.109412
2 0.817059 0.881765 0.116471 0.109412
1 0.532353 0.502941 0.090588 0.087059
2 0.532353 0.502941 0.090588 0.087059
4 0.510000 0.517647 0.085882 0.082353
1 0.510000 0.517647 0.085882 0.082353
4 0.120588 0.290000 0.081176 0.087059
1 0.120588 0.290000 0.081176 0.087059
4 0.714412 0.902353 0.086471 0.081176
1 0.714412 0.902353 0.086471 0.081176
4 0.153824 0.901471 0.082941 0.077059
0 0.153824 0.901471 0.082941 0.077059
4 0.324412 0.909706 0.085294 0.081765
0 0.324412 0.909706 0.085294 0.081765
4 0.453529 0.593529 0.082353 0.082353
0 0.453529 0.593529 0.082353 0.082353
4 0.417647 0.649118 0.085882 0.084118
0 0.417647 0.649118 0.085882 0.084118
4 0.876176 0.847941 0.082941 0.084118
0 0.876176 0.847941 0.082941 0.084118