1 0.835882 0.817941 0.125882 0.110000
2 0.835882 0.817941 0.125882 0.110000
4 0.810882 0.875588 0.082941 0.075882
0 0.810882 0.875588 0.082941 0.075882
4 0.851765 0.860882 0.083529 0.087647
0 0.851765 0.860882 0.083529 0.087647
4 0.568824 0.513824 0.080000 0.067647
0 0.568824 0.513824 0.080000 0.067647
4 0.559706 0.496765 0.075882 0.079412
1 0.559706 0.496765 0.075882 0.079412
4 0.113824 0.296176 0.084118 0.081765
1 0.113824 0.296176 0.084118 0.081765
4 0.189412 0.447941 0.083529 0.087647
0 0.189412 0.447941 0.083529 0.087647