4 0.151176 0.284412 0.088235 0.081765
1 0.151176 0.284412 0.088235 0.081765
4 0.529412 0.253235 0.084706 0.079412
1 0.529412 0.253235 0.084706 0.079412
4 0.536765 0.265882 0.075882 0.071765
0 0.536765 0.265882 0.075882 0.071765
4 0.750294 0.855000 0.085294 0.079412
0 0.750294 0.855000 0.085294 0.079412
4 0.792059 0.801176 0.077059 0.080000
0 0.792059 0.801176 0.077059 0.080000
4 0.816176 0.784118 0.082941 0.084706
1 0.816176 0.784118 0.082941 0.084706
4 0.511176 0.476765 0.078824 0.078235
0 0.511176 0.476765 0.078824 0.078235
4 0.526471 0.483235 0.074118 0.075882
0 0.526471 0.483235 0.074118 0.075882
1 0.463824 0.541176 0.105294 0.096471
2 0.463824 0.541176 0.105294 0.096471